0  1  1  1  1  1  1  1  1  1  1  1  1  1  1  1  1  1  1  1  1  1  1  1  2  
5  6  6  6  6  6  6  6  6  6  6  6  6  6  6  6  6  6  6  6  6  6  6  6  7  
5  6  6  6  6  6  6  6  6  3  6  6  6  6  6  6  6  6  6  6  6  25 6  6  7  
5  6  6  6  6  6  6  6  6  6  8  11 11 11 11 11 11 4  6  6  6  6  6  6  7  
5  6  6  3  6  25 5  6  6  6  7  25 25 25 25 25 25 5  6  6  6  6  6  6  7  
5  6  6  6  6  25 5  6  6  6  7  25 25 25 25 25 25 5  6  6  6  6  3  6  7  
5  6  6  25 25 25 5  6  6  6  7  25 25 25 25 25 25 5  6  6  6  6  6  6  7  
5  6  6  1  1  1  15 6  6  6  7  25 25 25 25 25 25 5  6  6  6  6  6  6  7  
5  6  6  6  6  6  6  6  6  6  9  1  1  1  1  1  1  15 6  6  6  6  6  6  7  
5  6  6  6  6  6  6  6  6  6  6  6  6  6  6  6  6  8  11 11 11 11 13 11 12  
5  6  6  6  6  6  6  6  6  6  6  6  6  6  6  6  6  7  25 25 25 25 19 25 25  
5  6  9  1  1  1  1  1  1  1  1  1  1  1  1  1  1  1  2  25 25 25 19 25 25  
5  6  8  11 11 11 11 11 11 11 11 11 11 11 11 11 11 11 12 25 25 25 19 25 25  
5  6  6  6  6  6  6  6  6  6  6  6  6  6  6  6  6  7  25 25 25 25 19 25 25  
5  6  6  6  8  11 11 11 11 11 11 11 13 11 4  6  6  7  25 25 25 25 19 25 25  
5  6  6  3  7  25 25 25 25 25 25 25 19 25 5  6  6  9  1  1  1  1  17 1  2  
5  6  6  6  7  25 25 25 25 25 25 25 19 25 5  6  6  6  6  6  6  6  6  6  7  
5  6  6  6  7  25 25 25 25 25 25 25 19 25 5  6  6  6  6  6  6  6  6  6  7  
5  6  6  6  16 22 22 22 22 22 22 22 18 22 20 6  6  6  6  6  6  3  6  6  7  
5  6  6  6  7  25 25 25 25 25 25 25 19 25 5  6  6  6  6  6  6  6  6  6  7  
5  6  6  6  7  25 25 25 25 25 25 25 19 25 5  6  6  3  6  6  6  6  6  6  7  
5  6  6  6  7  25 25 25 25 25 25 25 19 25 5  6  6  6  6  6  6  6  6  3  7  
5  6  6  6  7  25 25 25 25 25 25 25 19 25 10 11 11 11 11 8  11 11 11 11 12  
5  6  6  6  16 22 22 22 22 22 22 22 18 22 22 22 22 22 22 12 25 25 25 25 25  
10 11 11 11 12 25 25 25 25 25 25 25 24 25 25 25 25 25 25 25 25 25 25 25 25  